P+R Uithof,0,15,0,0,1,0,0,7,0,
WKZ,15,1015,0,1,303,0,7,265,0,
UMC,1029,2660,0,303,78,0,272,1197,0,
Heidelberglaan,3689,9138,0,381,155,0,1468,3300,0,
Padualaan,12827,6855,236,536,99,103,4768,2467,3,
Kromme Rijn,19446,691,31,532,140,1,7231,254,5,
Galgenwaard,20106,606,265,671,52,27,7480,292,67,
Vaartscherijn,20447,1261,544,696,171,59,7705,267,231,
Centraal Station Centrumzijde,21164,0,21164,809,0,809,7741,0,7741,
Centraal Station Centrumzijde,0,19994,0,0,8123,0,0,2132,0,
Vaartscherijn,19994,2337,1735,8123,956,294,2132,322,295,
Galgenwaard,20596,359,1288,8785,180,305,2158,26,228,
Kromme Rijn,19667,47,1039,8660,25,232,1956,4,293,
Padualaan,18674,10,9672,8453,0,4551,1667,9,718,
Heidelberglaan,9011,8,5789,3903,0,2531,958,7,501,
UMC,3230,6,2577,1372,0,1098,464,5,322,
WKZ,659,0,644,274,0,267,147,0,147,
P+R Uithof,15,0,15,7,0,7,1,0,1,
